{
 "cells": [
  {
   "cell_type": "code",
   "execution_count": 1,
   "metadata": {},
   "outputs": [],
   "source": [
    "import numpy as np"
   ]
  },
  {
   "cell_type": "code",
   "execution_count": 4,
   "metadata": {},
   "outputs": [],
   "source": [
    "xy=np.load(\"xy.npy\")"
   ]
  },
  {
   "cell_type": "code",
   "execution_count": 14,
   "metadata": {},
   "outputs": [
    {
     "data": {
      "text/plain": [
       "array([1, 1, 1, 1, 1, 1, 1, 1, 1, 1, 1, 1])"
      ]
     },
     "execution_count": 14,
     "metadata": {},
     "output_type": "execute_result"
    }
   ],
   "source": [
    "xy"
   ]
  },
  {
   "cell_type": "code",
   "execution_count": 15,
   "metadata": {},
   "outputs": [],
   "source": [
    "xz=np.arange(100,500,2.5,dtype=\"float64\")"
   ]
  },
  {
   "cell_type": "code",
   "execution_count": 16,
   "metadata": {},
   "outputs": [
    {
     "data": {
      "text/plain": [
       "array([100. , 102.5, 105. , 107.5, 110. , 112.5, 115. , 117.5, 120. ,\n",
       "       122.5, 125. , 127.5, 130. , 132.5, 135. , 137.5, 140. , 142.5,\n",
       "       145. , 147.5, 150. , 152.5, 155. , 157.5, 160. , 162.5, 165. ,\n",
       "       167.5, 170. , 172.5, 175. , 177.5, 180. , 182.5, 185. , 187.5,\n",
       "       190. , 192.5, 195. , 197.5, 200. , 202.5, 205. , 207.5, 210. ,\n",
       "       212.5, 215. , 217.5, 220. , 222.5, 225. , 227.5, 230. , 232.5,\n",
       "       235. , 237.5, 240. , 242.5, 245. , 247.5, 250. , 252.5, 255. ,\n",
       "       257.5, 260. , 262.5, 265. , 267.5, 270. , 272.5, 275. , 277.5,\n",
       "       280. , 282.5, 285. , 287.5, 290. , 292.5, 295. , 297.5, 300. ,\n",
       "       302.5, 305. , 307.5, 310. , 312.5, 315. , 317.5, 320. , 322.5,\n",
       "       325. , 327.5, 330. , 332.5, 335. , 337.5, 340. , 342.5, 345. ,\n",
       "       347.5, 350. , 352.5, 355. , 357.5, 360. , 362.5, 365. , 367.5,\n",
       "       370. , 372.5, 375. , 377.5, 380. , 382.5, 385. , 387.5, 390. ,\n",
       "       392.5, 395. , 397.5, 400. , 402.5, 405. , 407.5, 410. , 412.5,\n",
       "       415. , 417.5, 420. , 422.5, 425. , 427.5, 430. , 432.5, 435. ,\n",
       "       437.5, 440. , 442.5, 445. , 447.5, 450. , 452.5, 455. , 457.5,\n",
       "       460. , 462.5, 465. , 467.5, 470. , 472.5, 475. , 477.5, 480. ,\n",
       "       482.5, 485. , 487.5, 490. , 492.5, 495. , 497.5])"
      ]
     },
     "execution_count": 16,
     "metadata": {},
     "output_type": "execute_result"
    }
   ],
   "source": [
    "xz"
   ]
  },
  {
   "cell_type": "code",
   "execution_count": 22,
   "metadata": {},
   "outputs": [
    {
     "data": {
      "text/plain": [
       "47800.0"
      ]
     },
     "execution_count": 22,
     "metadata": {},
     "output_type": "execute_result"
    }
   ],
   "source": [
    "xz.sum(axis=0)"
   ]
  },
  {
   "cell_type": "code",
   "execution_count": 23,
   "metadata": {},
   "outputs": [
    {
     "data": {
      "text/plain": [
       "160"
      ]
     },
     "execution_count": 23,
     "metadata": {},
     "output_type": "execute_result"
    }
   ],
   "source": [
    "xz.size"
   ]
  },
  {
   "cell_type": "code",
   "execution_count": 24,
   "metadata": {},
   "outputs": [],
   "source": [
    "xz.resize(10,16)"
   ]
  },
  {
   "cell_type": "code",
   "execution_count": 25,
   "metadata": {},
   "outputs": [
    {
     "data": {
      "text/plain": [
       "array([[100. , 102.5, 105. , 107.5, 110. , 112.5, 115. , 117.5, 120. ,\n",
       "        122.5, 125. , 127.5, 130. , 132.5, 135. , 137.5],\n",
       "       [140. , 142.5, 145. , 147.5, 150. , 152.5, 155. , 157.5, 160. ,\n",
       "        162.5, 165. , 167.5, 170. , 172.5, 175. , 177.5],\n",
       "       [180. , 182.5, 185. , 187.5, 190. , 192.5, 195. , 197.5, 200. ,\n",
       "        202.5, 205. , 207.5, 210. , 212.5, 215. , 217.5],\n",
       "       [220. , 222.5, 225. , 227.5, 230. , 232.5, 235. , 237.5, 240. ,\n",
       "        242.5, 245. , 247.5, 250. , 252.5, 255. , 257.5],\n",
       "       [260. , 262.5, 265. , 267.5, 270. , 272.5, 275. , 277.5, 280. ,\n",
       "        282.5, 285. , 287.5, 290. , 292.5, 295. , 297.5],\n",
       "       [300. , 302.5, 305. , 307.5, 310. , 312.5, 315. , 317.5, 320. ,\n",
       "        322.5, 325. , 327.5, 330. , 332.5, 335. , 337.5],\n",
       "       [340. , 342.5, 345. , 347.5, 350. , 352.5, 355. , 357.5, 360. ,\n",
       "        362.5, 365. , 367.5, 370. , 372.5, 375. , 377.5],\n",
       "       [380. , 382.5, 385. , 387.5, 390. , 392.5, 395. , 397.5, 400. ,\n",
       "        402.5, 405. , 407.5, 410. , 412.5, 415. , 417.5],\n",
       "       [420. , 422.5, 425. , 427.5, 430. , 432.5, 435. , 437.5, 440. ,\n",
       "        442.5, 445. , 447.5, 450. , 452.5, 455. , 457.5],\n",
       "       [460. , 462.5, 465. , 467.5, 470. , 472.5, 475. , 477.5, 480. ,\n",
       "        482.5, 485. , 487.5, 490. , 492.5, 495. , 497.5]])"
      ]
     },
     "execution_count": 25,
     "metadata": {},
     "output_type": "execute_result"
    }
   ],
   "source": [
    "xz"
   ]
  },
  {
   "cell_type": "code",
   "execution_count": 26,
   "metadata": {},
   "outputs": [
    {
     "data": {
      "text/plain": [
       "array([[100. , 140. , 180. , 220. , 260. , 300. , 340. , 380. , 420. ,\n",
       "        460. ],\n",
       "       [102.5, 142.5, 182.5, 222.5, 262.5, 302.5, 342.5, 382.5, 422.5,\n",
       "        462.5],\n",
       "       [105. , 145. , 185. , 225. , 265. , 305. , 345. , 385. , 425. ,\n",
       "        465. ],\n",
       "       [107.5, 147.5, 187.5, 227.5, 267.5, 307.5, 347.5, 387.5, 427.5,\n",
       "        467.5],\n",
       "       [110. , 150. , 190. , 230. , 270. , 310. , 350. , 390. , 430. ,\n",
       "        470. ],\n",
       "       [112.5, 152.5, 192.5, 232.5, 272.5, 312.5, 352.5, 392.5, 432.5,\n",
       "        472.5],\n",
       "       [115. , 155. , 195. , 235. , 275. , 315. , 355. , 395. , 435. ,\n",
       "        475. ],\n",
       "       [117.5, 157.5, 197.5, 237.5, 277.5, 317.5, 357.5, 397.5, 437.5,\n",
       "        477.5],\n",
       "       [120. , 160. , 200. , 240. , 280. , 320. , 360. , 400. , 440. ,\n",
       "        480. ],\n",
       "       [122.5, 162.5, 202.5, 242.5, 282.5, 322.5, 362.5, 402.5, 442.5,\n",
       "        482.5],\n",
       "       [125. , 165. , 205. , 245. , 285. , 325. , 365. , 405. , 445. ,\n",
       "        485. ],\n",
       "       [127.5, 167.5, 207.5, 247.5, 287.5, 327.5, 367.5, 407.5, 447.5,\n",
       "        487.5],\n",
       "       [130. , 170. , 210. , 250. , 290. , 330. , 370. , 410. , 450. ,\n",
       "        490. ],\n",
       "       [132.5, 172.5, 212.5, 252.5, 292.5, 332.5, 372.5, 412.5, 452.5,\n",
       "        492.5],\n",
       "       [135. , 175. , 215. , 255. , 295. , 335. , 375. , 415. , 455. ,\n",
       "        495. ],\n",
       "       [137.5, 177.5, 217.5, 257.5, 297.5, 337.5, 377.5, 417.5, 457.5,\n",
       "        497.5]])"
      ]
     },
     "execution_count": 26,
     "metadata": {},
     "output_type": "execute_result"
    }
   ],
   "source": [
    "xz.transpose()"
   ]
  },
  {
   "cell_type": "code",
   "execution_count": 27,
   "metadata": {},
   "outputs": [
    {
     "data": {
      "text/plain": [
       "array([100. , 102.5, 105. , 107.5, 110. , 112.5, 115. , 117.5, 120. ,\n",
       "       122.5, 125. , 127.5, 130. , 132.5, 135. , 137.5, 140. , 142.5,\n",
       "       145. , 147.5, 150. , 152.5, 155. , 157.5, 160. , 162.5, 165. ,\n",
       "       167.5, 170. , 172.5, 175. , 177.5, 180. , 182.5, 185. , 187.5,\n",
       "       190. , 192.5, 195. , 197.5, 200. , 202.5, 205. , 207.5, 210. ,\n",
       "       212.5, 215. , 217.5, 220. , 222.5, 225. , 227.5, 230. , 232.5,\n",
       "       235. , 237.5, 240. , 242.5, 245. , 247.5, 250. , 252.5, 255. ,\n",
       "       257.5, 260. , 262.5, 265. , 267.5, 270. , 272.5, 275. , 277.5,\n",
       "       280. , 282.5, 285. , 287.5, 290. , 292.5, 295. , 297.5, 300. ,\n",
       "       302.5, 305. , 307.5, 310. , 312.5, 315. , 317.5, 320. , 322.5,\n",
       "       325. , 327.5, 330. , 332.5, 335. , 337.5, 340. , 342.5, 345. ,\n",
       "       347.5, 350. , 352.5, 355. , 357.5, 360. , 362.5, 365. , 367.5,\n",
       "       370. , 372.5, 375. , 377.5, 380. , 382.5, 385. , 387.5, 390. ,\n",
       "       392.5, 395. , 397.5, 400. , 402.5, 405. , 407.5, 410. , 412.5,\n",
       "       415. , 417.5, 420. , 422.5, 425. , 427.5, 430. , 432.5, 435. ,\n",
       "       437.5, 440. , 442.5, 445. , 447.5, 450. , 452.5, 455. , 457.5,\n",
       "       460. , 462.5, 465. , 467.5, 470. , 472.5, 475. , 477.5, 480. ,\n",
       "       482.5, 485. , 487.5, 490. , 492.5, 495. , 497.5])"
      ]
     },
     "execution_count": 27,
     "metadata": {},
     "output_type": "execute_result"
    }
   ],
   "source": [
    "xz.flatten()"
   ]
  },
  {
   "cell_type": "code",
   "execution_count": 30,
   "metadata": {},
   "outputs": [
    {
     "data": {
      "text/plain": [
       "array([[100. , 140. , 180. , 220. , 260. , 300. , 340. , 380. , 420. ,\n",
       "        460. ],\n",
       "       [102.5, 142.5, 182.5, 222.5, 262.5, 302.5, 342.5, 382.5, 422.5,\n",
       "        462.5],\n",
       "       [105. , 145. , 185. , 225. , 265. , 305. , 345. , 385. , 425. ,\n",
       "        465. ],\n",
       "       [107.5, 147.5, 187.5, 227.5, 267.5, 307.5, 347.5, 387.5, 427.5,\n",
       "        467.5],\n",
       "       [110. , 150. , 190. , 230. , 270. , 310. , 350. , 390. , 430. ,\n",
       "        470. ],\n",
       "       [112.5, 152.5, 192.5, 232.5, 272.5, 312.5, 352.5, 392.5, 432.5,\n",
       "        472.5],\n",
       "       [115. , 155. , 195. , 235. , 275. , 315. , 355. , 395. , 435. ,\n",
       "        475. ],\n",
       "       [117.5, 157.5, 197.5, 237.5, 277.5, 317.5, 357.5, 397.5, 437.5,\n",
       "        477.5],\n",
       "       [120. , 160. , 200. , 240. , 280. , 320. , 360. , 400. , 440. ,\n",
       "        480. ],\n",
       "       [122.5, 162.5, 202.5, 242.5, 282.5, 322.5, 362.5, 402.5, 442.5,\n",
       "        482.5],\n",
       "       [125. , 165. , 205. , 245. , 285. , 325. , 365. , 405. , 445. ,\n",
       "        485. ],\n",
       "       [127.5, 167.5, 207.5, 247.5, 287.5, 327.5, 367.5, 407.5, 447.5,\n",
       "        487.5],\n",
       "       [130. , 170. , 210. , 250. , 290. , 330. , 370. , 410. , 450. ,\n",
       "        490. ],\n",
       "       [132.5, 172.5, 212.5, 252.5, 292.5, 332.5, 372.5, 412.5, 452.5,\n",
       "        492.5],\n",
       "       [135. , 175. , 215. , 255. , 295. , 335. , 375. , 415. , 455. ,\n",
       "        495. ],\n",
       "       [137.5, 177.5, 217.5, 257.5, 297.5, 337.5, 377.5, 417.5, 457.5,\n",
       "        497.5]])"
      ]
     },
     "execution_count": 30,
     "metadata": {},
     "output_type": "execute_result"
    }
   ],
   "source": [
    "xz.transpose()"
   ]
  },
  {
   "cell_type": "code",
   "execution_count": 31,
   "metadata": {},
   "outputs": [
    {
     "data": {
      "text/plain": [
       "array([[100. , 102.5, 105. , 107.5, 110. , 112.5, 115. , 117.5, 120. ,\n",
       "        122.5, 125. , 127.5, 130. , 132.5, 135. , 137.5],\n",
       "       [140. , 142.5, 145. , 147.5, 150. , 152.5, 155. , 157.5, 160. ,\n",
       "        162.5, 165. , 167.5, 170. , 172.5, 175. , 177.5],\n",
       "       [180. , 182.5, 185. , 187.5, 190. , 192.5, 195. , 197.5, 200. ,\n",
       "        202.5, 205. , 207.5, 210. , 212.5, 215. , 217.5],\n",
       "       [220. , 222.5, 225. , 227.5, 230. , 232.5, 235. , 237.5, 240. ,\n",
       "        242.5, 245. , 247.5, 250. , 252.5, 255. , 257.5],\n",
       "       [260. , 262.5, 265. , 267.5, 270. , 272.5, 275. , 277.5, 280. ,\n",
       "        282.5, 285. , 287.5, 290. , 292.5, 295. , 297.5],\n",
       "       [300. , 302.5, 305. , 307.5, 310. , 312.5, 315. , 317.5, 320. ,\n",
       "        322.5, 325. , 327.5, 330. , 332.5, 335. , 337.5],\n",
       "       [340. , 342.5, 345. , 347.5, 350. , 352.5, 355. , 357.5, 360. ,\n",
       "        362.5, 365. , 367.5, 370. , 372.5, 375. , 377.5],\n",
       "       [380. , 382.5, 385. , 387.5, 390. , 392.5, 395. , 397.5, 400. ,\n",
       "        402.5, 405. , 407.5, 410. , 412.5, 415. , 417.5],\n",
       "       [420. , 422.5, 425. , 427.5, 430. , 432.5, 435. , 437.5, 440. ,\n",
       "        442.5, 445. , 447.5, 450. , 452.5, 455. , 457.5],\n",
       "       [460. , 462.5, 465. , 467.5, 470. , 472.5, 475. , 477.5, 480. ,\n",
       "        482.5, 485. , 487.5, 490. , 492.5, 495. , 497.5]])"
      ]
     },
     "execution_count": 31,
     "metadata": {},
     "output_type": "execute_result"
    }
   ],
   "source": [
    "xz"
   ]
  },
  {
   "cell_type": "code",
   "execution_count": 37,
   "metadata": {},
   "outputs": [
    {
     "ename": "TypeError",
     "evalue": "slice indices must be integers or None or have an __index__ method",
     "output_type": "error",
     "traceback": [
      "\u001b[1;31m---------------------------------------------------------------------------\u001b[0m",
      "\u001b[1;31mTypeError\u001b[0m                                 Traceback (most recent call last)",
      "\u001b[1;32m<ipython-input-37-7a187fd89af9>\u001b[0m in \u001b[0;36m<module>\u001b[1;34m\u001b[0m\n\u001b[1;32m----> 1\u001b[1;33m \u001b[0mnp\u001b[0m\u001b[1;33m.\u001b[0m\u001b[0msplit\u001b[0m\u001b[1;33m(\u001b[0m\u001b[0mxz\u001b[0m\u001b[1;33m,\u001b[0m\u001b[1;33m[\u001b[0m\u001b[1;33m[\u001b[0m\u001b[1;36m.5\u001b[0m\u001b[1;33m]\u001b[0m\u001b[1;33m]\u001b[0m\u001b[1;33m)\u001b[0m\u001b[1;33m\u001b[0m\u001b[1;33m\u001b[0m\u001b[0m\n\u001b[0m",
      "\u001b[1;32m<__array_function__ internals>\u001b[0m in \u001b[0;36msplit\u001b[1;34m(*args, **kwargs)\u001b[0m\n",
      "\u001b[1;32mD:\\Development\\Anaconda\\lib\\site-packages\\numpy\\lib\\shape_base.py\u001b[0m in \u001b[0;36msplit\u001b[1;34m(ary, indices_or_sections, axis)\u001b[0m\n\u001b[0;32m    872\u001b[0m             raise ValueError(\n\u001b[0;32m    873\u001b[0m                 'array split does not result in an equal division')\n\u001b[1;32m--> 874\u001b[1;33m     \u001b[1;32mreturn\u001b[0m \u001b[0marray_split\u001b[0m\u001b[1;33m(\u001b[0m\u001b[0mary\u001b[0m\u001b[1;33m,\u001b[0m \u001b[0mindices_or_sections\u001b[0m\u001b[1;33m,\u001b[0m \u001b[0maxis\u001b[0m\u001b[1;33m)\u001b[0m\u001b[1;33m\u001b[0m\u001b[1;33m\u001b[0m\u001b[0m\n\u001b[0m\u001b[0;32m    875\u001b[0m \u001b[1;33m\u001b[0m\u001b[0m\n\u001b[0;32m    876\u001b[0m \u001b[1;33m\u001b[0m\u001b[0m\n",
      "\u001b[1;32m<__array_function__ internals>\u001b[0m in \u001b[0;36marray_split\u001b[1;34m(*args, **kwargs)\u001b[0m\n",
      "\u001b[1;32mD:\\Development\\Anaconda\\lib\\site-packages\\numpy\\lib\\shape_base.py\u001b[0m in \u001b[0;36marray_split\u001b[1;34m(ary, indices_or_sections, axis)\u001b[0m\n\u001b[0;32m    788\u001b[0m         \u001b[0mst\u001b[0m \u001b[1;33m=\u001b[0m \u001b[0mdiv_points\u001b[0m\u001b[1;33m[\u001b[0m\u001b[0mi\u001b[0m\u001b[1;33m]\u001b[0m\u001b[1;33m\u001b[0m\u001b[1;33m\u001b[0m\u001b[0m\n\u001b[0;32m    789\u001b[0m         \u001b[0mend\u001b[0m \u001b[1;33m=\u001b[0m \u001b[0mdiv_points\u001b[0m\u001b[1;33m[\u001b[0m\u001b[0mi\u001b[0m \u001b[1;33m+\u001b[0m \u001b[1;36m1\u001b[0m\u001b[1;33m]\u001b[0m\u001b[1;33m\u001b[0m\u001b[1;33m\u001b[0m\u001b[0m\n\u001b[1;32m--> 790\u001b[1;33m         \u001b[0msub_arys\u001b[0m\u001b[1;33m.\u001b[0m\u001b[0mappend\u001b[0m\u001b[1;33m(\u001b[0m\u001b[0m_nx\u001b[0m\u001b[1;33m.\u001b[0m\u001b[0mswapaxes\u001b[0m\u001b[1;33m(\u001b[0m\u001b[0msary\u001b[0m\u001b[1;33m[\u001b[0m\u001b[0mst\u001b[0m\u001b[1;33m:\u001b[0m\u001b[0mend\u001b[0m\u001b[1;33m]\u001b[0m\u001b[1;33m,\u001b[0m \u001b[0maxis\u001b[0m\u001b[1;33m,\u001b[0m \u001b[1;36m0\u001b[0m\u001b[1;33m)\u001b[0m\u001b[1;33m)\u001b[0m\u001b[1;33m\u001b[0m\u001b[1;33m\u001b[0m\u001b[0m\n\u001b[0m\u001b[0;32m    791\u001b[0m \u001b[1;33m\u001b[0m\u001b[0m\n\u001b[0;32m    792\u001b[0m     \u001b[1;32mreturn\u001b[0m \u001b[0msub_arys\u001b[0m\u001b[1;33m\u001b[0m\u001b[1;33m\u001b[0m\u001b[0m\n",
      "\u001b[1;31mTypeError\u001b[0m: slice indices must be integers or None or have an __index__ method"
     ]
    }
   ],
   "source": [
    "np.split(xz,[[.5]])"
   ]
  },
  {
   "cell_type": "code",
   "execution_count": null,
   "metadata": {},
   "outputs": [],
   "source": []
  }
 ],
 "metadata": {
  "kernelspec": {
   "display_name": "Python 3",
   "language": "python",
   "name": "python3"
  },
  "language_info": {
   "codemirror_mode": {
    "name": "ipython",
    "version": 3
   },
   "file_extension": ".py",
   "mimetype": "text/x-python",
   "name": "python",
   "nbconvert_exporter": "python",
   "pygments_lexer": "ipython3",
   "version": "3.8.5"
  }
 },
 "nbformat": 4,
 "nbformat_minor": 4
}
